,weight 1400,weight 1401,weight 1402,weight 1403,weight 1404,weight 1405,weight 1406,weight 1407,weight 1414,weight 1415,weight 1416,weight 1417,weight 1418,weight 1419,weight 1420,weight 1421,weight 1422,weight 1423,weight 1424,weight 1425,weight 1426,weight 1427,weight 1428,weight 1429,weight 1430,weight 1431,weight 1432,weight 1433,weight 1434,weight 1435,weight 1436,weight 1437,weight 1438,weight 1439,weight 1440,weight 1441,weight 1442,weight 1443,weight 1444,weight 1445,weight 1446,weight 1447,weight 1448,weight 1449,weight 1450,weight 1451,weight 1452,weight 1453,weight 1454,weight 1455,weight 1456,weight 1457,weight 1458,weight 1459,weight 1460,weight 1461,weight 1462,weight 1463,weight 1464,weight 1465,weight 1466,weight 1467,weight 1468,weight 1469,weight 1470,weight 1471,weight 1472,weight 1473,weight 1474,weight 1475,weight 1476,weight 1477,weight 1478,weight 1479,weight 1480,weight 1481,weight 1482,weight 1483,weight 1484,weight 1485,weight 1486,weight 1487,weight 1488,weight 1489,weight 1490,weight 1491,weight 1492,weight 1493,weight 1494,weight 1495
weight 1400,1.0,0.46719914833898124,0.1875178195762609,0.20370514263629372,0.35580478642203506,0.3709577550060261,0.2151851900685813,0.143492880860637,-0.021131839327632882,-0.05001681204499578,-0.015052756799827335,0.022823743471309152,-0.017298324491427798,-0.03140015196412369,0.0034761897227341375,-0.01685535126654222,-0.03043307725749746,0.05020971403304293,-0.00114705417441249,-0.023715223083948113,-0.06235340096341412,-0.003640795399868189,-0.08312518826108516,-0.003940894729686121,-0.03169838140440736,-0.018483105121019548,-0.009829332943074646,0.039599437479629164,-0.07969525800221028,-0.03753288852134681,0.07084514925667713,0.06802814654236414,-0.02384616347027108,-0.00227937662822735,-0.05423626570370412,-0.017044343836915415,-0.048058228573351805,0.01244858064897723,0.02798367352087608,-0.012301024937533489,0.024870991752666202,-0.033782757778708275,0.01547734757608107,-0.02122013214943092,-0.03953319831260219,0.02787756822319649,0.033754477400172025,0.07055565999605269,0.03539457198742498,0.03534237117577006,0.05214989655952385,0.015801731765169323,-0.03887278097116399,0.009407182811266708,-0.04279050949655037,-4.382616937971243e-05,0.00630774308331887,0.022997343316742226,-0.07292967426377396,0.02371142637280635,-0.04291600361800057,0.05465358264812725,0.005906782361775762,0.1091490885026906,0.008033353924217262,0.041165263301037994,-0.0775600526333923,-0.09637610900055271,-0.01944272524637068,0.03265190433952555,0.03726547714476141,0.0006906849117527687,-0.07336627696394847,-0.05310018824271849,-0.0210974934517839,0.05442132534699268,-0.0007142308430272848,-0.02216618458772887,0.03543844355493696,-0.03699979180008149,-0.013673347865062132,-0.0009485128074940038,0.037652699699527455,0.03496591386572921,0.06164618710677835,0.0002133665706815586,0.003661447604770077,-0.030163849137478497,0.06264476058017401,0.07038206880093452
weight 1401,0.46719914833898124,1.0,0.5180182536577794,0.06661099984425503,0.17768269713471657,0.33675745275579383,0.38291328369147354,0.2375741885874487,0.0006262020895822387,-0.01883002524491001,-0.028252503611216246,0.004140335935551277,-0.03879101825637911,0.008897476667252628,-0.07640711177282872,-0.00739019406695818,-0.0036871730309598876,0.0447740425914137,-0.05198992831523622,-0.03257415374246881,0.001243675996156793,0.07112405276480077,-0.012071531611147292,-0.02932691319015516,0.005860673492667048,-0.04489811101098585,-0.055439344163239875,-0.03003291054108573,-0.01588178693687346,0.015267343447696993,0.09113323908239387,0.058611095418280926,-0.031421786095754405,-0.016770172490671982,-0.022644092728712182,-0.07870283006290207,0.058300713109243965,0.004685184729585762,0.02121698743692732,-0.061002011054290387,0.021794290881208222,0.016094741906472494,0.040620508100201125,0.0022602834806795366,-0.015171587187889125,0.05360986386752973,0.07130548125576122,0.12967272152314407,0.02313272848609468,0.07006563104365278,0.002265820049360737,-0.01077785874741332,-0.037951482055586,-0.06667865636890782,-0.01939058484803951,-0.004495502061709373,-0.051550859528877536,-0.012450884261133261,-0.05558520771815504,-0.008858592910941446,-0.02909361721089764,0.03621978800663029,0.051296320330177274,0.05544856273567224,-0.07824098858713557,-0.014228516162138667,-0.12334976617907822,-0.08373551819528077,0.013718863096250504,-0.01530437247466346,0.017630741721084735,0.014889467417537274,-0.04747054315354351,0.003589884476259821,-0.009253092689800716,-0.00629351339675503,0.01583778463827224,0.02699445403472673,0.02294689417777356,0.008242607205336823,-0.008408799555691782,0.025262782079650013,0.003201963165760375,-0.01577501815407942,0.06057824193462536,0.047137291580660885,-0.014484216150431068,-0.07364077451592115,0.05646312521590517,0.006548774459670589
weight 1402,0.1875178195762609,0.5180182536577794,1.0,0.03277312775363,0.04376397216234842,0.15837722367727533,0.37049991781753777,0.41813634763004986,0.07445228121120752,0.03139649440795161,0.0591550348004579,0.04629710568977389,-0.05440714029886811,-0.012389970793754168,-0.11965508839541518,-0.0548899866393779,-0.03641522929263221,0.034454708050344264,-0.05706524647513081,-0.015120135387845452,-0.039839636374854506,-0.019501820860095005,-0.03380349581475264,-0.07561314410921259,0.043390802781970744,-0.021068242543287808,-0.06069649430525469,-0.05482903041723609,0.007252073864998248,0.0603289153033007,0.08795654555175038,0.06953664472432503,0.06038610660376462,-0.03197265056598983,0.03462251800352377,-0.058894552521824434,0.07849957708705836,0.050940180550531615,0.027901238698624153,-0.007866959858566091,0.013689870124023056,0.06469428784026693,0.05616648822219664,0.017405407456473527,-0.03715988013660493,0.02903721768933657,0.004938622837100192,0.08307101690341027,0.02752377093810737,0.029932642908244794,-0.0519086593071077,0.028947723044821527,-0.11001739746346866,-0.07606795891647931,0.038419458845930454,0.003998535447281699,0.01991102515574176,-0.01804315474836365,-0.07069290742039551,-0.02092305060799797,-0.01541933155828201,0.034722235881941885,0.02457286324479587,0.0410032494661483,-0.034366663175225874,-0.01592581082915541,-0.12054620658878312,-0.10775809451033569,0.04730992169181105,0.00819596098145598,0.024949534065668216,0.10673689703345211,0.003575229897617818,-0.027493067367235894,-0.007894953682672701,-0.05104463572364567,0.031998221653427514,0.09874285995571741,0.07364910224204865,0.08398242771519876,0.0009655472408857681,0.015924633309470648,-0.0030698817938706346,0.05910690402093848,0.048081657591696574,0.017842917815888294,-0.008387880770359206,-0.04829809116861565,0.04820688193797859,-0.03688362453220808
weight 1403,0.20370514263629372,0.06661099984425503,0.03277312775363,1.0,0.48723162549664667,0.12842546152938894,-0.046547626374231585,-0.016078696428075214,-0.08818991927023523,-0.07741082749709133,-0.007580458081776259,0.0023297674378790455,-0.05535859397021166,-0.06395816165764939,-0.06843959026524367,-0.04239036149297583,0.023406812995747574,-0.012048660473962426,-0.009919174559494969,-0.01654707717155497,-0.022696902392069392,-0.03933204998997597,-0.06313605927367483,0.013799167003571781,0.003585660791224693,0.0164587833018095,0.11741394945709403,0.06633221304533816,-0.02616066403913422,-0.0024232086729163416,0.024698516143241294,-0.04901305559072687,0.08363361863453563,0.07133980485973873,-0.03238402878635451,-0.009169563318741036,0.0408011132153309,0.003687953203467459,-0.06595185349647723,-0.006811089491732858,-0.0049300477681469956,-0.004860208226865365,0.004580009978000738,-0.033486647099983134,-0.04032552946654506,0.001653292712211031,0.023990427946611666,-0.0413484772316261,-0.04668906825556559,-0.05806997229955639,-0.02242114207609411,-0.07579698834994829,0.07195292171978823,0.017024334007455694,0.10378967897776414,0.04992912576768073,0.007791835841114926,0.03879460304581888,0.04618615685176228,0.06868660963233282,-0.023526971224160562,0.006784530785393759,-0.02369436558442589,0.029069385041136785,-0.010091750028720294,0.12598484211718022,0.05522969116541504,0.006243172147644517,-0.07830575006881813,-0.002192416371543987,-0.06578241397030776,-0.03798354202155375,-0.02979316744276693,0.014173444128136335,0.06009523477194562,0.05259717436350176,0.011354605903671173,0.046594087579353544,0.020446750053117073,8.317070969634799e-05,0.046565269744275196,-0.004622000012086679,-0.04634321860694865,-0.05515254716457664,0.03272606906097126,0.0345503500488679,0.05600360315306519,0.05271078384323702,-0.026333212534237867,-0.050140709099504396
weight 1404,0.35580478642203506,0.17768269713471657,0.04376397216234842,0.48723162549664667,1.0,0.4963364853364634,0.12839368016614322,0.016583502148924796,-0.11641390464556707,-0.12246511388903164,-0.059441131607750795,0.017839706054374255,-0.008640829494714557,0.01985419233483113,-0.019200093907859175,-0.004372307827735554,0.017995685285740037,-7.997622718401393e-05,0.053788081639668806,-0.003697477550791046,-0.04201531807223989,-0.05574313495203129,-0.07560096456860922,0.0019062558106624852,0.0013757185318373072,0.02808164149809626,0.10870920291369113,-0.008520814342145246,-0.06920124631401328,-0.018755389312262442,0.07873948574596609,-0.010936127539585588,0.04647075731311583,0.0219419195925544,-0.06888095140880199,-0.003760501703923429,-0.039818909607042395,-0.06950859135543457,-0.030705976730566888,0.004038591647972111,0.10710156644460202,0.0258000217627247,0.04432348750413342,-0.02750713043598113,0.026597381247468396,0.00971139413975591,-0.0037495212642212395,-0.05625592559552082,-0.04631938330540916,-0.01701936069298348,0.028471442867403912,-0.003461993204554275,0.004786886615132863,0.014721304097518364,0.020745909289048084,0.016447569786834985,0.012078750294741463,0.03250957647988431,-0.004008403721812233,0.07978809059933259,-0.037473185574667285,-0.024932293922908116,-0.04326206524894166,0.03262547016801449,-0.04747825568538526,0.027322458997228714,-0.029262405662845156,0.00571966143466304,-0.005871678773226195,0.024011550739399846,-0.017772041818900693,0.00041013129625498766,-0.0037230521834976486,0.018196651744179292,-0.02158758983334607,-3.510659162742225e-05,-0.038922031507251195,-0.004786602428847445,-0.0072384275273915805,0.008127855420551609,0.05066492888338513,-0.006224725006272658,0.0026953677715287933,-0.03296725755138524,0.055201924866497,0.05076417886567593,0.018068959426557268,0.001933006277721219,0.02829430002083756,0.011931439136665126
weight 1405,0.3709577550060261,0.33675745275579383,0.15837722367727533,0.12842546152938894,0.4963364853364634,1.0,0.49564738245381973,0.15321072287072915,-0.1129898849220487,-0.08609130976706147,-0.055658201785273004,-0.007338170682602123,-0.04936472693694455,-0.0434886685750874,-0.020999279400270663,-0.00748582418997455,0.03907658101101706,0.09413881485321335,0.04414634828129934,-0.010663793619945842,-0.005786737241247898,0.037321254309654925,-0.01618867254077729,-0.007470914911363811,-0.04537872026413681,-0.0033216809725680413,-0.05805367635749026,-0.031777440547649936,-0.024581451089316045,0.037172603313333066,0.11115656724412028,0.03862966435950971,0.014626948274852366,0.017932898358795028,-0.04357615022903059,-0.061164530680862764,-0.02027590812097444,-0.048612224059533186,0.06504975886560464,0.0509382084300766,0.08055076678740897,-0.0012288124240518155,0.03988335696268576,-0.02171863765691066,-0.026311440840928485,-0.07805714840469204,-0.03162966047050481,-0.029760840302147432,0.03278590074924755,0.06552176662773754,0.059987721981288225,0.02659035987724754,-0.04712076527282634,-0.032906605822118414,-0.07531666252613073,-0.0013819481507922515,-0.04383879094408703,-0.007057511219578707,-0.05037239744250908,-0.011672741977665577,0.01244212416110631,0.00409554356402491,-0.03650012302314648,0.0135520951292272,-0.040881399826940105,0.0062940455097835165,-0.06688749000737865,-0.059410300580534994,-0.013035921548176317,-0.016035338497778863,0.005580540843608184,-0.039293137414438,-0.003811006644042424,0.040008768303483655,-0.04230523185725984,0.074437279241621,-0.01659234199353981,-0.0036357630414317146,-0.009876818654591455,-0.023286646833377955,0.004119278355554849,-0.028957168319639084,-0.009182705435020809,0.013595459092562235,0.021888375660858623,-0.011158416423660746,-0.06952384502625086,-0.047980264323906736,0.04011806997232906,-0.016406324668340563
weight 1406,0.2151851900685813,0.38291328369147354,0.37049991781753777,-0.046547626374231585,0.12839368016614322,0.49564738245381973,1.0,0.43250068858300916,-0.05519525366273242,-0.0640331842204221,0.008043848080078743,0.005105575376876308,-0.07393967300772114,-0.021764991949982146,-0.09727597054089052,-0.08763361283530721,-0.014168179030250057,0.10202101846568276,0.026989818660872963,0.01798553780917302,0.055448665519563796,0.11185579867160363,0.07197977434272473,0.01356099241375905,-0.036363289982121,0.0032315314581826066,-0.09473057450595088,-0.0694811642903693,0.08233561855763294,0.09440720007766935,0.050323272573232374,0.03648078729666176,0.014127791302584944,-0.015325349223391023,0.03716865720626202,-0.02950607426599268,0.04830673401089189,0.025077575465725116,0.007739605391747309,0.0015952749725761425,0.1386266673738337,0.06111772030305734,0.04967818383682698,0.019543658084949386,-0.06625581767128425,-0.10378584812272687,-0.026803769762843398,-0.030492023930750584,0.05548270671625307,0.08743151320542726,0.059311734719484,0.004355848124541708,-0.05537954449756841,-0.07255339579438438,-0.03901653613277923,-0.04549806717053676,-0.028935991996159535,-0.03374186900403665,-0.03737218777137997,-0.03230792269578934,0.011423507185973536,-0.020480132497681235,-0.009446748956103935,-0.05162228887592157,-0.0806922687903232,-0.06139879526777461,-0.04229476000043119,-0.054178912302458186,-0.0016537398781731822,-0.03937415228761431,0.05928162787429898,0.02825669920564035,0.0847647782781586,0.057000045856840424,0.02340307649461762,0.00352697552789299,0.020177650204103278,0.042066455756385714,0.025929263705623047,-0.012088317655187026,0.021372850853276587,0.04885971634542933,0.02468119431315106,0.05822847209223946,0.03335918751346554,0.009744025037464006,-0.10300294281208695,-0.07907478239027697,0.10976364043663558,0.01880247797155155
weight 1407,0.143492880860637,0.2375741885874487,0.41813634763004986,-0.016078696428075214,0.016583502148924796,0.15321072287072915,0.43250068858300916,1.0,0.0089734049394947,0.014928676898970917,0.08568839914030034,-0.010495628108849563,-0.15228148224661445,-0.042598674745790065,-0.07165329796734182,-0.027595315026489316,-0.04335281171737116,0.004125735053713155,-0.0016623588112531778,-0.043437991047247555,-0.0543400565981705,0.025314747611559014,0.020779515367048473,-0.043411482588753554,-0.032103909083803756,0.03516624451806654,-0.015118704831308566,0.04168046120049595,0.04084651908629471,0.042763895039107845,0.03231529752346916,0.04126761368086994,0.02250171592506205,-0.03282007883548581,0.04763495647191857,-0.036141178285681065,0.05162240318782506,0.04404061642505246,0.0293683735954815,0.01130279852379034,0.03325210289404046,0.0721323029337865,0.02694399640341867,0.04277275479819246,-0.026653179847494594,-0.019408013920753274,-0.027533009695041997,-0.03681974581758315,0.06466743129845291,0.041312172119128035,0.013647296845272007,0.057016021452387176,-0.0776430898924629,-0.07579793610086302,-0.09021503025600237,-0.048578920432913154,0.003911510384204599,-0.06495672595388746,-0.06256086820302721,-0.06114562908534396,-0.031788139286700025,-0.014817521946131318,0.006891662958182928,-0.0025091719592919516,-0.03409546125587882,-0.006378698067397447,-0.07740450395224951,-0.08448875707320641,0.034952664651467076,-0.01882051175244938,0.09799078239819742,0.07611113393858832,0.012440187871947127,-0.0024112362383800997,0.01875942747235547,0.01577517179637221,0.010053618239456108,0.021567891100069975,0.06927035190023413,-0.018931823552332225,-0.0014289448299087783,0.04335185518564187,-0.018008962321267474,-0.017182322276119013,0.01304906539945828,-0.01201720286005616,-0.08169038340167722,-0.06910970638513168,0.013864776003800382,-0.05679337637927893
weight 1414,-0.021131839327632882,0.0006262020895822387,0.07445228121120752,-0.08818991927023523,-0.11641390464556707,-0.1129898849220487,-0.05519525366273242,0.0089734049394947,1.0,0.4645637119105669,0.34167858220083225,-0.043302028244375165,0.07503631765648176,0.01675920946001029,-0.01950646295415469,-0.051512075431164414,-0.04128879277005057,-0.12264623582691135,-0.1489723040585089,-0.08787308678211044,-0.0841320093795238,-0.11460794115307371,0.03546253310814993,-0.09103074894131898,-0.054268246627742885,-0.09616705570432775,-0.14452057749480954,-0.1054005877192592,0.001199794841247128,-0.027276950749175473,0.035161065048933966,0.08712520413301637,0.0014269680205201223,-0.0035509994361833538,-0.13164213519349788,-0.09149905614665192,0.0015066730315341265,0.0689996036894984,0.039386908903394614,0.01827238188435636,-0.0104785310973159,-0.05839596957554716,0.0486390611473235,-0.019038155789873053,-0.032545768657964214,-0.07845904535055866,0.07153752487571276,0.024794712258322138,-0.02219505217577445,-0.024781444693738885,-0.09003929158024819,-0.010710741267712655,0.03894509143582049,0.07665813295197196,0.07079449154520667,0.04013391317895606,-0.006230180100422357,-0.010305528000889052,0.004058360257535383,0.021076561682673793,-0.0130176921508903,0.019131384942912204,0.02708583549651944,0.07720773173150387,0.01743079864042665,-0.05373045021252664,0.028402541892629946,-0.005540089371457554,-0.10120541509648026,-0.02560528845681574,0.05242297091676853,0.13618283861344388,-0.00992607963329403,0.003296397767212539,0.009030640218807949,-0.04113755467807109,-0.018200211852194437,-0.0013600010459238433,-0.018029905549473303,-0.08887091859611713,-0.02166424255456264,-0.081402018899902,-0.0771122103956582,-0.06504437766069748,0.1322555929346332,0.13521888383036598,0.04378894652108223,0.017269838290480084,-0.02144088301672273,-0.06580515085677667
weight 1415,-0.05001681204499578,-0.01883002524491001,0.03139649440795161,-0.07741082749709133,-0.12246511388903164,-0.08609130976706147,-0.0640331842204221,0.014928676898970917,0.4645637119105669,1.0,0.24886535182694308,0.1725265865199021,0.017094178385872173,-0.04477825372677194,-0.016539121027612177,-0.0645449725948135,-0.029707627826362992,-0.06937780299816608,-0.15687761429261948,-0.09254172265632757,-0.12719742168289336,-0.07007043800342616,-0.03027855454727691,-0.0616352035188676,-0.05929513153112497,-0.04748832012031013,-0.23051595211881057,-0.10676596487838784,-0.026880327313669013,-0.07789287307815006,0.015539979069664098,0.008681090221001091,-0.0017658747564013677,-0.05335204469937571,0.010776729864453919,-0.06017981272156413,0.019227186485280826,0.08407707221239313,0.021537631868958067,0.0621556037273644,-0.044544596092667185,-0.008411683276108866,-0.063821334927677,-0.057601764651355865,-0.05852273354547906,-0.09006723554358143,0.03230869973972961,0.07493282865384494,-0.027583499683513712,-0.070737055934541,-0.06686503372274898,-0.047535833890081,0.007773426610216721,0.010165764418501892,0.08467691461915065,0.0023620736855993044,-0.024796824991603447,-0.05058559846904145,-0.057104035934054775,-0.11117438101312296,0.037736834770747484,0.08992930961709276,-0.006796704019947184,0.02411191763988681,-0.008810206079575233,-0.056481555646966435,0.02343034136970982,-0.032360801352234,-0.004913923976726221,0.05387644605519402,0.06852735013929674,0.1380485840489848,0.0511796340301966,-0.03144134248945434,0.09655438348799276,0.004669258998931272,-0.0244292213482229,-0.038187442134600215,0.04141521313696134,-0.039503500366665015,0.02473548548035504,-0.026793668142717785,-0.05722996161155268,-0.046399178730492624,0.07161069050263576,0.10647184489275237,0.03686779134591932,0.011566661870000135,0.058456356657210634,0.015264209403210452
weight 1416,-0.015052756799827335,-0.028252503611216246,0.0591550348004579,-0.007580458081776259,-0.059441131607750795,-0.055658201785273004,0.008043848080078743,0.08568839914030034,0.34167858220083225,0.24886535182694308,1.0,0.348858845564061,-0.05880143646923837,-0.09810436065361645,-0.06066159681988784,-0.08069075101679832,-0.030939794120624146,-0.03081668196705719,-0.10446137112366038,-0.0832357697528101,-0.010084784130302808,-0.036758145665656376,-0.05889857150727909,-0.10431711667943375,0.01198016191839806,-0.025991938749630874,-0.07752380292247883,-0.05427970055052743,-0.034806528787541854,-0.07211223472981215,-0.09181015320936083,-0.029035317164017208,-0.06122861951330396,-0.05689951938657352,-0.10763358858051221,-0.12659079387061406,0.023827454912455918,0.06647737879930184,0.0598596287594601,0.1092689768061272,-0.10498964681277813,-0.03958855279381289,0.10105458658909917,0.050244059569122174,0.002503081856971281,-0.04917361997731044,0.0854360079032431,-0.0572348713181967,-0.02612056176379367,-0.09067557793252126,-0.0635297629220742,-0.03631989597900847,-0.021146634477382995,-0.07553913415531847,0.04004602236196837,0.04002379091165956,-0.03911826113346887,-0.09133158730800704,-0.07718415040793077,-0.012649987193616048,-0.05154722081679236,-0.08618440497886205,-0.04014054134443947,-0.12435715394830102,0.02228991378935602,0.01887700559683338,-0.0387606748960174,-0.03474203552290128,-0.10917631418188398,-0.047681736005094136,0.024954658533520465,0.0260594802082761,0.03886346259645418,0.09383948750310953,0.12840224862085226,0.13308108319073825,0.021556513446938517,0.01727643440006988,0.07928421532701595,-0.03724431672879199,0.02044803687317689,-0.019052977887980674,-0.055503461367957335,-0.08555818088995693,0.027975734213849666,0.03649548230285388,-0.010985502765101372,0.042097491602933496,0.05774331079401304,-0.08292197857540914
weight 1417,0.022823743471309152,0.004140335935551277,0.04629710568977389,0.0023297674378790455,0.017839706054374255,-0.007338170682602123,0.005105575376876308,-0.010495628108849563,-0.043302028244375165,0.1725265865199021,0.348858845564061,1.0,-0.07024492502236349,-0.11883275020514783,-0.030819267012356794,-0.10476955146476809,-0.04829556751459297,0.04660006186462869,-0.01895254999005118,-0.01067677444974466,-0.009964554774779708,-0.06668508922782175,-0.06433439240822288,-0.06029929939423025,0.039326282961185,-0.11184420254624285,-0.045588031607632654,-0.06290164899494556,-0.022138719024854706,-0.12554850086782504,-0.006037367457528685,-0.05512066117872538,-0.031890286772968866,-0.019606520331518953,0.010258570365624088,-0.03945495393234991,-0.014857924938258344,-0.0073757789426232845,0.0006299736697168208,0.05057131772619831,-0.048040233131464875,0.03137361584804403,0.001108105786473366,-0.008741906330184674,0.023009239285996054,0.029360044945780837,0.09958941703971858,-0.026899077737476514,-0.033119485479044,0.026163257147557458,-0.022815064244866616,0.03096381684001381,-0.0038585584022163546,-0.04845408143367668,-0.0005327926857746705,0.06128089479895327,-0.03824830759415079,-0.12341104715851392,-0.11823809123142634,-0.10567109173204463,0.021861227909596787,-0.039934841116997445,0.04399749088798175,-0.041889175636435155,0.04706990423248434,0.05937091251290433,0.05448864647932545,-0.03718097098164318,0.026614790032534603,0.09150574947764603,0.0019490196783618343,-0.070654716177068,0.054012138664619104,0.028799567898773696,0.06461186002271872,0.09214637609205856,0.12429840324149682,0.010510697288557722,0.11173204793703809,0.02869619472352309,0.048167839668013655,-0.01848521750786627,-0.06320136093811594,0.04022626955096153,-0.007526719588179147,-0.09758387089040912,0.010286829558718635,-0.03615115759376969,0.11922066024750474,0.06133899794942468
weight 1418,-0.017298324491427798,-0.03879101825637911,-0.05440714029886811,-0.05535859397021166,-0.008640829494714557,-0.04936472693694455,-0.07393967300772114,-0.15228148224661445,0.07503631765648176,0.017094178385872173,-0.05880143646923837,-0.07024492502236349,1.0,0.4841480329946874,0.1870476067032261,-0.039286865022921995,-0.09728532822438345,-0.05439665397725565,-0.026159267958976495,-0.014108292090657549,-0.01645589304821327,-0.07957033767223201,-0.006420171314883942,-0.09551343037999961,-0.0063795577442379205,-0.06114340290733189,-0.006404986392290643,-0.05300729719125919,-0.06349626979112,-0.05090234086632759,-0.058674837108274494,-0.022376837035427744,-0.013974033539025772,-0.04453212127907618,-0.05068640968761869,0.0038549427827552244,-0.10833689165281278,-0.005463511504612693,-0.09981018898190858,-0.003863707114050165,-0.015697288802782955,-0.030043414812214817,0.015586711172056693,-0.008927901197755602,-0.043070114099876024,0.015437425595063227,0.03471766334187651,0.040012357745200997,0.06379387796501582,0.10939487337199437,0.08753964537370684,0.02493504797447546,0.03765244697306015,0.08273152024193003,0.027160087163855175,-0.028645338989616815,0.04168897307769411,0.04060666547468354,-0.0019288017985078561,0.04455087599315949,-0.03515375672564897,-0.020368288780883315,-0.0952327155412607,0.0010709872083846587,0.04193059094600514,0.00011694882553984835,-0.030623892083414102,0.01921335394373733,0.07683497938699076,0.0052034341761864975,0.12759523842822748,0.06627115961469804,-0.10012921885412386,-0.08130050190655516,-0.12845032758414773,-0.13282270706859567,-0.04407931248567043,-0.10535444935079763,0.024364128715833863,-0.003612595488992709,0.015221379728390041,0.09077966785222277,0.02547221099842949,0.06964814967825465,-0.06185948316765671,0.010626644820040086,-0.04127729235449583,-0.07975295002322896,0.00046213683592075355,-0.0021687668509891437
weight 1419,-0.03140015196412369,0.008897476667252628,-0.012389970793754168,-0.06395816165764939,0.01985419233483113,-0.0434886685750874,-0.021764991949982146,-0.042598674745790065,0.01675920946001029,-0.04477825372677194,-0.09810436065361645,-0.11883275020514783,0.4841480329946874,1.0,0.14554942422409287,0.13656997480085054,-0.1442959220346868,-0.07414399914214502,0.011299621202775684,0.011768821312091171,0.030434373352120247,0.015549828361471278,0.0169047514424546,-0.0360202948800044,0.004674397866372552,0.026480532622721775,0.013053739496982672,-0.014086276056029566,-0.1423588318772735,-0.051206000223223656,-0.08779400275048335,0.03738169042633877,0.02999461138381139,-0.004313820515762642,0.01472559408993686,-0.04199026057414286,-0.12497498365511184,0.0070183240782567624,-0.07961690333205092,-0.03516247939108212,0.08011686461405118,0.007930145404579259,0.05952787351826841,0.07031289668310398,-0.026696131007231193,0.04013075192858753,0.040391513268829345,0.05619579004312529,0.00196695202456772,0.04353294295989454,0.06419716913924634,0.029934368214380867,0.06349320270529907,0.03228664767525038,-0.04105359843594706,-0.07087817076624572,0.03885469260629636,0.07968329773109915,0.0166016855911812,0.020114605293439707,-0.06863609576761592,-0.026277153506670727,-0.12711414288499212,-0.049464586312006044,0.007795896561457653,-0.0865904586116725,-0.13420869321871534,-0.07344798393081921,0.06203387404403545,-0.011154122692219114,0.07718733453436041,0.0336673805382395,-0.009502559077913272,0.027471845840291137,-0.023476788895284494,-0.009931939142463188,-0.05480295011631216,-0.057767251999992685,0.07147283159725253,-0.013488830948032942,0.07748391713154766,0.06449751468798616,0.042586404037942664,0.07738179505372497,-0.04542009692647459,-0.025358309568944918,0.008793014345123773,-0.08684143319214542,0.006290725912074744,0.0018638667665743893
weight 1420,0.0034761897227341375,-0.07640711177282872,-0.11965508839541518,-0.06843959026524367,-0.019200093907859175,-0.020999279400270663,-0.09727597054089052,-0.07165329796734182,-0.01950646295415469,-0.016539121027612177,-0.06066159681988784,-0.030819267012356794,0.1870476067032261,0.14554942422409287,1.0,0.4254359766804101,-0.03049094944142465,-0.1827930830317909,-0.04623597356881625,-0.024086181394425008,-0.03769748154424693,-0.12207202846304872,-0.11971910098957482,-0.14247341442173547,-0.02547733039584596,-0.023697875496488992,-0.009546113025646681,-0.00318040374056071,-0.002244329311723887,-0.09982632564288713,0.006431907995354913,0.04615389273717347,-0.039693235768567044,-0.050757245791932644,-0.03384776811467123,0.03074550752766564,-0.05473796795050873,0.027533292007975343,-0.05945810632166232,-0.004725822721592002,0.09463863783740628,-0.07131222041894456,-0.01130484110530678,-0.09899973438112826,0.00042691666277055437,0.029262745939228334,0.08481397704268363,0.08491468347630571,-0.01804301300795767,0.05286255809311854,-0.0659619556024043,0.030845719292988058,0.008525487901572034,0.013262196368142729,-0.03165402603929797,-0.005321525019725924,0.05170352142338164,0.05270154670488426,0.01711165343184964,-0.04206317885853124,-0.05680658197871413,-0.008503512236211323,-0.03222344748285701,0.036365935775977916,0.008973068797801836,0.007206982649782909,-0.05891492693911066,0.061634944019796696,0.017371041512395848,0.0450026887850715,0.0809882742136178,0.06421500473884387,-0.08155237728899778,-0.07438788981676184,-0.06953699035960931,0.017923904725218702,-0.09130358358840274,-0.046952452080972054,0.006794270131777767,0.043290100688408266,-0.02313929768743337,-0.0006719361380847416,0.004676937962192505,0.014510591553127783,-0.11269816873346478,-0.04277561013599808,-0.07779891427654728,-0.015943401612119743,-0.0597912914458895,-0.014850998974354193
weight 1421,-0.01685535126654222,-0.00739019406695818,-0.0548899866393779,-0.04239036149297583,-0.004372307827735554,-0.00748582418997455,-0.08763361283530721,-0.027595315026489316,-0.051512075431164414,-0.0645449725948135,-0.08069075101679832,-0.10476955146476809,-0.039286865022921995,0.13656997480085054,0.4254359766804101,1.0,0.04925970635647812,-0.10816622227525645,-0.042823912998606585,-0.03884294072677127,-0.004072955309015693,0.014314274617131707,-0.11648609611186381,-0.04539445455248645,-0.00944266893475806,0.08195396911052477,0.038579840020233104,0.06987860694838696,-0.07321423181322324,-0.06865236978189639,-0.029166049970632577,-0.03326025657840948,0.019410247471786785,-0.056209883351658,0.01941951231164982,-0.0076577976373001936,0.02801081425399667,-0.014741473588212161,-0.1236533175522994,-0.015194940873913093,0.04581719576264941,-0.06748259079961538,-0.06292955279502432,-0.10166239207209274,0.024089579617171286,0.020804561695373973,0.0778997217983362,0.09530662050806828,0.007545944005336173,0.03240344279185091,-0.016651534781731484,0.025654460952900048,-0.007315117905237937,0.005180942330012396,0.00915491894985078,0.03084532850528262,0.02347353405057576,0.1020416343052373,0.08766555373689812,0.09905826304182178,-0.01968768562441101,-0.04501347022516342,-0.030075550593329992,-0.05376926220163954,-0.026561548926765353,-0.02566697228741687,-0.11436510268938793,0.026296397063749664,0.05714686926714081,0.0529419198227873,-0.02701941251555738,0.025890596631480006,0.004307668135177173,0.012853492779864724,-0.04458865449415552,0.05754739088101326,-0.03712938965017117,-0.05016836787185633,0.049728482480681575,0.07504232248844289,-0.04017342556165563,-0.0420340300553639,-0.024438848778583325,0.0378351357727827,-0.04672217326910186,0.0064966240606252465,-0.011217145659073027,0.105148494568976,-0.025000849395959125,0.027649485555399762
weight 1422,-0.03043307725749746,-0.0036871730309598876,-0.03641522929263221,0.023406812995747574,0.017995685285740037,0.03907658101101706,-0.014168179030250057,-0.04335281171737116,-0.04128879277005057,-0.029707627826362992,-0.030939794120624146,-0.04829556751459297,-0.09728532822438345,-0.1442959220346868,-0.03049094944142465,0.04925970635647812,1.0,0.3705899902008754,0.2734990842816025,-0.0649539905786414,-0.026270890657752084,-0.11032013519772735,-0.06588534701998665,-0.10388861209985153,-0.016798294693657092,-0.0013250586594732113,-0.032048781596819745,-0.012363047531943167,-0.03968186207647111,-0.003563342468672853,-0.046687077565000026,-0.1054974617564593,0.055370923055965596,0.052306514879675386,0.05908878841697629,0.014042610289007657,0.012247396822720216,-0.0560144653489561,0.018987863410882353,0.016612036162702733,-0.12927482268513513,-0.09824885850363477,-0.03562053453622756,0.02551416096717068,-0.05275089531296249,-0.06411521137579156,-0.0007105145816058386,0.03142744545875387,0.0062250786880122646,0.010035013892762436,-0.026976090055899862,-0.07894118757685158,0.017536189992662956,-0.035557405578209356,-0.003589752972131924,0.032760260084009535,-0.047124426266944984,-0.0012514028114870123,0.07288660664571452,0.09291549356236081,0.11452428091698223,0.05164330435723514,0.0006423486610991204,-0.08791586450020085,-0.014899774797718037,-0.008811225973056098,-0.05444286990439422,0.021945380280422293,-0.03242036246384855,-0.03152335097583523,-0.06939100809354248,-0.043911773809777274,0.052633283931583216,0.04695573432825183,0.06946193493694358,0.01046764536714571,0.0763568174406214,0.11412931339886086,-0.04098742133112534,0.017481550539370547,-0.004192510716719017,-0.019268848195992633,-0.020389726623814417,0.017435533010020658,-0.07761564817104488,-0.059005589467508925,-0.09617890804508449,-0.009330617499992705,-0.03226257764019887,0.047893914196268414
weight 1423,0.05020971403304293,0.0447740425914137,0.034454708050344264,-0.012048660473962426,-7.997622718401393e-05,0.09413881485321335,0.10202101846568276,0.004125735053713155,-0.12264623582691135,-0.06937780299816608,-0.03081668196705719,0.04660006186462869,-0.05439665397725565,-0.07414399914214502,-0.1827930830317909,-0.10816622227525645,0.3705899902008754,1.0,0.20015466515231825,0.19706754002530846,0.017787227518350265,0.0025516507823390784,-0.06306960265084194,-0.05759409528715052,-0.03228996386443865,-0.06659360441044955,-0.14789830784309582,-0.030691383304426945,-0.049495579223197035,0.06665180073797483,-0.060985644057921916,-0.06409758280690278,0.000460338435722715,0.07795826474333324,0.06089019616755997,0.02134680030837574,0.03778150703183435,0.043761604828712025,0.08383975465068212,0.08182982921296329,-0.1377376262166191,-0.02413065521387209,-0.02798229654880136,-0.01925550046622631,0.00427211191823078,-0.10939392595536801,-0.04589228469543325,-0.025868581410007915,0.02673959285932277,0.05032454974657337,0.08624054910121796,0.03532903068778367,-0.10761956135606729,-0.12097547444964395,-0.11139178940393343,-0.01282566271097493,-0.01381705686976528,-0.018200307135097453,0.04067439579659408,0.014387545460072227,0.10629788723470134,0.03981464187003299,-0.0752972583977376,-0.12672130248059676,0.05753849264529018,-0.053293849050129787,-0.11609144759432136,-0.1354891618308229,-0.045517068338329796,0.06779705737313638,0.005400200824730895,0.052413209553318775,0.08523611569721981,0.08149117303004286,0.004814432107474619,0.021829119176643794,0.02892984713910855,0.0644330107545789,0.07255667915418475,0.070663389936453,0.10148281514795379,0.08806321903965181,0.03867646869032221,0.012038705806523047,-0.014310863118947957,-0.012422314223233755,0.02985277227841594,-0.07369637710537819,0.06308210543904552,0.1230354852101896
weight 1424,-0.00114705417441249,-0.05198992831523622,-0.05706524647513081,-0.009919174559494969,0.053788081639668806,0.04414634828129934,0.026989818660872963,-0.0016623588112531778,-0.1489723040585089,-0.15687761429261948,-0.10446137112366038,-0.01895254999005118,-0.026159267958976495,0.011299621202775684,-0.04623597356881625,-0.042823912998606585,0.2734990842816025,0.20015466515231825,1.0,0.3864745115782108,0.015012512869210976,-0.046662456958240034,-0.029990378730472538,-0.14289641518882176,-0.02915661314081137,0.015291926253059288,-0.04895685098751318,0.033322350689249325,-0.10010447769842105,-0.12921893380785324,-0.0233531468002272,-0.08106349948948635,-0.0611321148828787,0.0476868734927642,0.13211902027007147,0.11330392669248196,-0.04381286596152348,-0.0717241286817649,0.035396492370930156,0.10277235817091912,-0.08145835244956885,-0.02604829228829807,-0.11886303833930419,0.022863428799833625,-0.09544190556393453,-0.07040217910105553,-0.009437088289965936,-0.04794917113245886,0.0834184365187452,0.1364868936639979,0.04429235982352449,-0.06519218934605367,-0.021274720502248014,-0.001296794812865448,-0.06599427519180487,0.026081454338947922,-0.02284643872078003,0.07675233686063361,-0.00513543631674884,0.04812349568050953,0.016884250354447506,-0.033764098589760844,-0.07308663022903997,-0.08056989192331322,0.0004196896274178163,-0.03348148593661421,-0.028780504204923604,0.07617825174798795,0.030682897202763418,0.04247563246938864,0.008672251075028727,0.026388353987683657,0.04355857334970023,0.05731233900504083,-0.01698408920729214,-0.024434259425628085,0.021711673630761742,0.036695741210448225,-0.07985602078596933,0.04540697110140169,0.0927390057245621,0.05513775600110795,-0.011439917886492913,0.05280251275702635,-0.03883423198667837,0.03882452565632309,-0.003930834657641452,-0.006950727369496465,-0.0266832400149311,-0.034888095952746424
weight 1425,-0.023715223083948113,-0.03257415374246881,-0.015120135387845452,-0.01654707717155497,-0.003697477550791046,-0.010663793619945842,0.01798553780917302,-0.043437991047247555,-0.08787308678211044,-0.09254172265632757,-0.0832357697528101,-0.01067677444974466,-0.014108292090657549,0.011768821312091171,-0.024086181394425008,-0.03884294072677127,-0.0649539905786414,0.19706754002530846,0.3864745115782108,1.0,-0.027510317655826195,-0.09289581401497551,-0.046381440007197135,-0.06246592644229572,-0.05324377125544027,-0.06876116902644967,-0.05231534624352411,0.0010106532375983488,-0.05746887058463346,-0.019170521799462197,-0.09861907779302444,-0.03227663363922251,-0.04337363799500732,0.05967352097189466,0.005679502378584256,0.09578597081386486,0.003386291476543416,-0.032329998687024686,0.13643133132820637,0.09525491112100053,-0.013275513492632392,-0.00883488960613395,-0.056054975536277175,-0.00785591603801173,-0.0010344254775758652,-0.03586969740948845,-0.02229924264817827,-0.03661612503096431,0.03481919452746848,0.08310793067311253,0.012160773597177191,-0.01851682824177533,0.016835945640095946,-0.007682212973752103,-0.07546079841900939,-0.0338712851569141,0.05801174482586104,0.03940345752562757,0.00799528376327991,-0.0306623420809957,-0.033140065037562616,-0.11137694991862912,-0.04914602329550147,0.01099586278772082,0.01659857894724479,-0.03682959364209383,-0.029198514120667967,-0.03294031325539264,-0.03798016789757476,0.026952746979170415,0.05000889678388244,0.03286046025844869,0.025144407878136817,0.007103083569924302,-0.05784020861213324,-0.04682607621064296,-0.029212004232148366,-0.07300009169499372,0.020408267499963127,0.07472347988211775,0.05398339977243821,-0.042996857264406545,0.019068135694193765,0.016668204247159146,-0.09641937155878556,-0.005438919878702095,0.0728025738087368,0.006446936815414536,0.03455052477311712,-0.0776090461248847
